197
182
172
153
158
151
153
159
167
161
165
158
140
116
118
127
133
141
151
170
171
189
194
205
210
195
231
241
241
245
255
244
245
246
260
262
262
268
289
279
293
312
308
333
336
329
338
337
340
341
344
359
361
377
411
450
459
460
458
456
460
465
470
448
449
451
463
470
492
504
506
508
535
539
547
549
563
565
571
586
599
591
597
611
617
619
618
604
593
604
611
612
634
651
634
623
626
631
632
659
672
686
682
668
682
681
700
701
693
693
700
704
713
716
727
718
715
718
719
720
716
719
735
746
735
743
744
735
738
743
752
754
758
767
754
756
758
754
740
740
746
747
772
775
769
781
782
788
799
813
783
785
771
798
808
810
811
829
840
833
833
816
818
810
813
819
786
793
790
791
794
801
804
794
779
778
786
775
783
790
782
791
792
815
816
781
785
725
726
727
721
731
739
759
767
787
788
812
826
828
829
835
813
827
847
848
853
857
859
860
864
867
871
877
844
848
853
860
866
867
885
898
929
935
944
946
952
961
975
983
986
1001
984
991
990
991
992
997
998
1004
1010
1011
1013
1016
1025
1027
1029
1040
1041
1045
1047
1048
1050
1024
1025
1035
1036
1045
1052
1053
1050
1049
1059
1061
1032
1042
1051
1055
1064
1037
1039
1061
1087
1088
1085
1054
1060
1062
1063
1063
1054
1034
1038
1039
1045
1055
1058
1088
1089
1095
1096
1095
1099
1093
1078
1079
1082
1079
1068
1084
1091
1096
1065
1069
1070
1072
1081
1083
1084
1079
1080
1082
1085
1085
1086
1094
1096
1097
1081
1082
1084
1085
1088
1091
1092
1101
1102
1116
1117
1123
1116
1119
1130
1119
1122
1121
1150
1153
1156
1162
1163
1189
1191
1192
1149
1160
1147
1148
1170
1188
1190
1193
1188
1193
1194
1216
1223
1214
1218
1212
1222
1227
1234
1244
1238
1238
1218
1229
1236
1237
1240
1255
1257
1258
1261
1258
1258
1279
1282
1292
1293
1296
1323
1332
1333
1327
1332
1334
1315
1317
1320
1359
1362
1362
1372
1377
1389
1380
1388
1395
1382
1383
1356
1360
1367
1371
1382
1409
1421
1429
1430
1448
1451
1452
1460
1430
1417
1454
1472
1473
1476
1477
1482
1489
1490
1495
1500
1517
1502
1505
1536
1537
1538
1543
1554
1555
1558
1550
1557
1558
1560
1561
1565
1565
1572
1573
1575
1581
1605
1614
1619
1616
1629
1632
1635
1644
1638
1614
1615
1611
1620
1612
1646
1647
1665
1668
1668
1676
1677
1682
1695
1696
1708
1709
1669
1667
1681
1689
1710
1718
1749
1749
1752
1745
1744
1728
1739
1740
1739
1740
1757
1759
1759
1762
1802
1787
1793
1794
1797
1798
1800
1803
1793
1795
1772
1774
1778
1766
1767
1769
1771
1772
1788
1790
1791
1813
1810
1813
1814
1819
1823
1822
1826
1817
1818
1801
1804
1802
1813
1825
1832
1840
1841
1834
1835
1841
1845
1881
1883
1887
1890
1896
1897
1917
1923
1925
1924
1904
1905
1907
1908
1922
1920
1924
1921
1935
1937
1955
1956
1967
1972
1977
1984
1986
2005
2007
2018
2027
2040
2040
2042
2041
2060
2066
2074
2076
2080
2081
2082
2071
2074
2070
2076
2079
2082
2085
2093
2097
2096
2097
2106
2110
2110
2113
2102
2103
2107
2117
2105
2101
2102
2071
2073
2075
2064
2081
2056
2064
2066
2067
2069
2070
2076
2101
2116
2119
2129
2126
2143
2141
2146
2148
2164
2152
2131
2123
2129
2130
2133
2142
2143
2157
2141
2140
2142
2128
2129
2131
2146
2153
2161
2165
2169
2151
2153
2176
2183
2188
2161
2165
2173
2161
2164
2165
2176
2168
2159
2194
2201
2203
2211
2213
2199
2201
2206
2231
2239
2246
2249
2265
2266
2267
2281
2291
2292
2293
2296
2275
2286
2291
2301
2302
2300
2298
2300
2309
2304
2309
2318
2315
2315
2315
2325
2326
2314
2312
2310
2311
2290
2292
2290
2300
2302
2307
2313
2310
2312
2313
2314
2315
2309
2313
2325
2301
2307
2309
2345
2342
2345
2360
2367
2371
2374
2369
2375
2406
2422
2423
2417
2421
2427
2445
2449
2448
2454
2430
2439
2418
2425
2414
2416
2432
2450
2427
2428
2429
2430
2434
2438
2433
2433
2455
2462
2463
2465
2462
2463
2496
2497
2475
2483
2491
2492
2505
2510
2511
2508
2507
2506
2524
2528
2527
2543
2549
2555
2567
2561
2561
2532
2529
2520
2526
2527
2531
2534
2544
2545
2543
2544
2558
2560
2559
2558
2573
2590
2569
2580
2596
2597
2586
2587
2598
2588
2579
2581
2577
2582
2585
2592
2600
2601
2608
2609
2612
2619
2631
2636
2640
2654
2600
2604
2608
2607
2623
2624
2633
2637
2655
2658
2662
2675
2676
2699
2711
2714
2718
2750
2714
2737
2739
2736
2754
2773
2776
2794
2795
2823
2825
2826
2828
2830
2823
2825
2829
2833
2834
2844
2840
2845
2849
2878
2859
2864
2868
2870
2860
2860
2852
2856
2820
2822
2819
2823
2827
2836
2835
2842
2856
2854
2855
2858
2859
2866
2872
2875
2888
2883
2900
2882
2883
2886
2887
2903
2877
2887
2865
2880
2885
2882
2883
2876
2912
2916
2932
2911
2912
2929
2906
2909
2903
2918
2945
2946
2923
2943
2947
2950
2951
2963
2978
2955
2957
2969
2972
2984
2987
2970
2974
2981
2952
2966
2968
2969
2970
2949
2940
2953
2959
2957
2963
2968
2907
2928
2948
2961
2969
2980
2985
2986
2987
3015
3017
3027
3028
3031
3040
3043
3044
3054
3055
3051
3030
3040
3044
3046
3049
3054
3057
3059
3060
3068
3085
3104
3108
3114
3115
3118
3121
3132
3134
3112
3097
3088
3089
3093
3096
3126
3127
3128
3133
3134
3137
3138
3141
3142
3143
3162
3166
3172
3171
3185
3187
3193
3196
3203
3213
3216
3238
3246
3247
3252
3246
3253
3258
3271
3274
3274
3272
3277
3274
3285
3256
3248
3252
3259
3253
3259
3263
3254
3257
3250
3251
3254
3271
3273
3281
3295
3296
3299
3301
3304
3306
3303
3304
3276
3302
3307
3316
3317
3296
3298
3313
3313
3295
3315
3316
3311
3327
3331
3333
3352
3360
3362
3366
3361
3364
3365
3368
3375
3385
3389
3390
3407
3408
3433
3437
3439
3454
3426
3426
3420
3417
3426
3427
3406
3396
3397
3398
3399
3407
3409
3410
3408
3419
3425
3428
3423
3424
3426
3437
3440
3436
3440
3443
3444
3450
3454
3455
3460
3484
3487
3489
3492
3493
3498
3479
3505
3506
3508
3499
3490
3492
3492
3488
3491
3486
3487
3463
3476
3465
3474
3487
3469
3452
3461
3463
3466
3470
3475
3488
3475
3439
3440
3442
3443
3446
3447
3453
3462
3463
3463
3450
3451
3454
3459
3460
3461
3463
3466
3467
3468
3469
3474
3481
3481
3482
3484
3502
3522
3509
3495
3495
3500
3503
3516
3518
3524
3528
3531
3527
3526
3527
3527
3524
3525
3520
3540
3566
3577
3576
3562
3563
3571
3572
3577
3607
3611
3612
3613
3614
3615
3619
3624
3634
3639
3660
3661
3651
3652
3649
3653
3655
3651
3685
3670
3687
3696
3685
3688
3664
3676
3689
3694
3697
3713
3706
3725
3728
1228
